0	0	11.9	1
11.9	4	3	1
14.9	0	0.62	1
15.52	4	3	1
18.52	0	3	1
21.52	7	3	1
24.52	0	1.8	1
26.32	7	3	1
29.32	0	1.8	1
31.11	4	3	1
34.11	0	0.6	1
34.71	4	3	1
37.71	0	0.6	1
38.31	6	3	1
41.31	0	3	1
44.31	7	3	1
47.31	0	0.6	1
47.91	1	3	1
50.91	0	4.2	1
55.11	1	3	1
58.11	0	0.6	1
58.71	3	3	1
61.71	0	4.2	1
65.91	3	3	1
68.91	0	0.6	1
69.51	4	3	1
72.51	0	4.2	1
76.71	4	3	1
79.71	0	3	1
82.71	7	3	1
85.71	0	0.6	1
86.31	5	3	1
89.31	0	0.6	1
89.91	1	3	1
92.91	0	1.8	1
94.71	1	3	1
97.71	0	4.2	1
101.91	3	3	1
104.91	0	0.6	1
105.51	3	3	1
108.51	0	3	1
111.51	4	3	1
114.51	0	0.6	1
115.11	4	3	1
118.11	0	3	1
121.11	7	3	1
124.11	0	0.6	1
124.71	5	3	1
127.71	0	1.8	1
129.51	1	3	1
132.51	0	4.2	1
136.7	1	3	1
139.7	0	0.6	1
140.3	7	3	1
143.3	0	0.6	1
143.9	7	3	1
146.9	0	1.8	1
148.7	4	3	1
151.7	0	0.6	1
152.3	4	3	1
155.3	0	0.6	1
155.9	7	3	1
158.9	0	0.6	1
159.5	6	3	1
162.5	0	4.2	1
166.7	1	3	1
169.7	0	0.6	1
170.3	1	3	1
173.3	0	3.02	1
176.32	3	3	1
179.32	0	0.6	1
179.92	3	3	1
182.92	0	3	1
185.92	4	3	1
188.92	0	1.8	1
190.72	4	3	1
193.72	0	0.6	1
194.32	5	3	1
197.32	0	3	1
200.31	7	3	1
203.31	0	1.8	1
205.11	1	3	1
208.11	0	0.6	1
208.71	1	3	1
211.71	0	3	1
214.71	7	3	1
217.71	0	0.6	1
218.31	2	3	1
221.31	0	3	1
224.31	4	3	1
227.31	0	0.6	1
227.91	4	3	1
230.91	0	0.6	1
231.51	7	3	1
234.51	0	0.6	1
235.11	6	3	1
238.11	0	1.8	1
239.91	1	3	1
242.91	0	0.6	1
243.51	1	3	1
246.51	0	0.6	1
247.11	7	3	1
250.11	0	1.8	1
251.91	7	3	1
254.91	0	4.2	1
259.11	4	3	1
262.11	0	3	1
265.11	4	3	1
268.11	0	0.6	1
268.71	7	3	1
271.71	0	4.2	1
275.91	6	3	1
278.91	0	5.4	1
284.31	1	3	1
287.31	0	0.6	1
287.91	1	3	1
290.91	0	1.8	1
292.71	3	3	1
295.71	0	4.2	1
299.91	3	3	1
302.91	0	3	1
305.9	1	3	1
308.9	0	1.8	1
310.7	1	3	1
313.7	0	0.6	1
314.3	3	3	1
317.3	0	1.8	1
319.1	3	3	1
322.1	0	0.6	1
322.7	4	3	1
325.7	0	1.8	1
327.5	4	3	1
330.5	0	0.6	1
331.1	6	3	1
334.1	0	1.8	1
335.9	6	3	1
338.9	0	4.2	1
343.1	1	3	1
346.1	0	3.02	1
349.12	1	3	1
352.12	0	3	1
355.12	7	3	1
358.12	0	0.6	1
358.72	7	3	1
361.72	0	3	1
364.72	0	10.28	1
