0	0	16.8	1
16.8	1	3	1
19.8	0	0.62	1
20.42	1	3	1
23.42	0	0.6	1
24.02	7	3	1
27.02	0	0.6	1
27.62	3	3	1
30.62	0	0.6	1
31.22	4	3	1
34.22	0	0.6	1
34.81	4	3	1
37.81	0	3	1
40.81	6	3	1
43.81	0	0.6	1
44.41	6	3	1
47.41	0	3	1
50.41	1	3	1
53.41	0	1.8	1
55.21	1	3	1
58.21	0	1.8	1
60.01	2	3	1
63.01	0	4.2	1
67.21	7	3	1
70.21	0	3	1
73.21	1	3	1
76.21	0	3	1
79.21	1	3	1
82.21	0	4.2	1
86.41	3	3	1
89.41	0	0.6	1
90.01	2	3	1
93.01	0	5.4	1
98.41	4	3	1
101.41	0	0.6	1
102.01	4	3	1
105.01	0	0.6	1
105.61	7	3	1
108.61	0	1.8	1
110.41	6	3	1
113.41	0	0.6	1
114.01	1	3	1
117.01	0	0.6	1
117.61	1	3	1
120.61	0	0.6	1
121.21	7	3	1
124.21	0	4.2	1
128.41	3	3	1
131.41	0	1.8	1
133.21	1	3	1
136.21	0	1.8	1
138	1	3	1
141	0	0.6	1
141.6	3	3	1
144.6	0	1.8	1
146.4	3	3	1
149.4	0	1.8	1
151.2	4	3	1
154.2	0	0.6	1
154.8	4	3	1
157.8	0	0.6	1
158.4	5	3	1
161.4	0	3	1
164.4	7	3	1
167.4	0	3	1
170.4	4	3	1
173.4	0	4.2	1
177.6	4	3	1
180.6	0	0.62	1
181.22	5	3	1
184.22	0	1.8	1
186.02	7	3	1
189.02	0	0.6	1
189.62	1	3	1
192.62	0	3	1
195.62	1	3	1
198.62	0	0.6	1
199.22	3	3	1
202.22	0	0.6	1
202.82	7	3	1
205.82	0	1.8	1
207.61	1	3	1
210.61	0	1.8	1
212.41	1	3	1
215.41	0	0.6	1
216.01	2	3	1
219.01	0	4.2	1
223.21	3	3	1
226.21	0	0.6	1
226.81	4	3	1
229.81	0	0.6	1
230.41	4	3	1
233.41	0	0.6	1
234.01	6	3	1
237.01	0	3	1
240.01	6	3	1
243.01	0	0.6	1
243.61	4	3	1
246.61	0	0.6	1
247.21	4	3	1
250.21	0	0.6	1
250.81	7	3	1
253.81	0	3	1
256.81	6	3	1
259.81	0	3	1
262.81	4	3	1
265.81	0	0.6	1
266.41	4	3	1
269.41	0	1.8	1
271.21	7	3	1
274.21	0	3	1
277.21	6	3	1
280.21	0	3	1
283.21	4	3	1
286.21	0	3	1
289.21	4	3	1
292.21	0	1.8	1
294.01	6	3	1
297.01	0	3	1
300.01	0	3	1
303.01	0	4.2	1
307.21	4	3	1
310.21	0	3	1
313.2	4	3	1
316.2	0	1.8	1
318	6	3	1
321	0	1.8	1
322.8	5	3	1
325.8	0	0.6	1
326.4	1	3	1
329.4	0	0.6	1
330	1	3	1
333	0	1.8	1
334.8	3	3	1
337.8	0	0.6	1
338.4	7	3	1
341.4	0	0.6	1
342	1	3	1
345	0	3	1
348	1	3	1
351	0	3.02	1
354.02	7	3	1
357.02	0	0.6	1
357.62	2	3	1
360.62	0	3	1
363.62	0	3	1
